index,uuid,time,rssi
0,cf3164a0-1c1d-a7fe-f8eb-767156e9154f,1632371482.6858506,-80
1,cf3164a0-1c1d-a7fe-f8eb-767156e9154f,1632371482.8103015,-88
2,cf3164a0-1c1d-a7fe-f8eb-767156e9154f,1632371482.9413319,-75
3,cf3164a0-1c1d-a7fe-f8eb-767156e9154f,1632371483.073161,-80
4,cf3164a0-1c1d-a7fe-f8eb-767156e9154f,1632371483.1970072,-80
5,cf3164a0-1c1d-a7fe-f8eb-767156e9154f,1632371483.4540517,-74
6,cf3164a0-1c1d-a7fe-f8eb-767156e9154f,1632371483.7084234,-80
7,cf3164a0-1c1d-a7fe-f8eb-767156e9154f,1632371483.836745,-89
8,cf3164a0-1c1d-a7fe-f8eb-767156e9154f,1632371483.9617767,-76
9,cf3164a0-1c1d-a7fe-f8eb-767156e9154f,1632371484.0841525,-76
10,cf3164a0-1c1d-a7fe-f8eb-767156e9154f,1632371484.2065399,-76
11,cf3164a0-1c1d-a7fe-f8eb-767156e9154f,1632371484.3308437,-80
12,cf3164a0-1c1d-a7fe-f8eb-767156e9154f,1632371484.464426,-89
13,cf3164a0-1c1d-a7fe-f8eb-767156e9154f,1632371484.712645,-75
14,cf3164a0-1c1d-a7fe-f8eb-767156e9154f,1632371484.844669,-78
15,cf3164a0-1c1d-a7fe-f8eb-767156e9154f,1632371484.9741955,-90
16,cf3164a0-1c1d-a7fe-f8eb-767156e9154f,1632371485.0978127,-89
17,cf3164a0-1c1d-a7fe-f8eb-767156e9154f,1632371485.227647,-75
18,cf3164a0-1c1d-a7fe-f8eb-767156e9154f,1632371485.3583689,-79
19,cf3164a0-1c1d-a7fe-f8eb-767156e9154f,1632371485.6165574,-75
20,cf3164a0-1c1d-a7fe-f8eb-767156e9154f,1632371485.7470355,-80
21,cf3164a0-1c1d-a7fe-f8eb-767156e9154f,1632371485.8742745,-87
22,cf3164a0-1c1d-a7fe-f8eb-767156e9154f,1632371485.9977942,-85
23,cf3164a0-1c1d-a7fe-f8eb-767156e9154f,1632371486.1214573,-74
24,cf3164a0-1c1d-a7fe-f8eb-767156e9154f,1632371486.2477515,-75
25,cf3164a0-1c1d-a7fe-f8eb-767156e9154f,1632371486.3745513,-79
26,cf3164a0-1c1d-a7fe-f8eb-767156e9154f,1632371486.5028038,-87
27,cf3164a0-1c1d-a7fe-f8eb-767156e9154f,1632371486.6302574,-75
28,cf3164a0-1c1d-a7fe-f8eb-767156e9154f,1632371486.753931,-75
29,cf3164a0-1c1d-a7fe-f8eb-767156e9154f,1632371486.8806863,-81
30,cf3164a0-1c1d-a7fe-f8eb-767156e9154f,1632371487.012854,-88
31,cf3164a0-1c1d-a7fe-f8eb-767156e9154f,1632371487.1402233,-77
32,cf3164a0-1c1d-a7fe-f8eb-767156e9154f,1632371487.2721398,-80
33,cf3164a0-1c1d-a7fe-f8eb-767156e9154f,1632371487.4027328,-88
34,cf3164a0-1c1d-a7fe-f8eb-767156e9154f,1632371487.5266159,-89
35,cf3164a0-1c1d-a7fe-f8eb-767156e9154f,1632371487.7808082,-80
36,cf3164a0-1c1d-a7fe-f8eb-767156e9154f,1632371487.9128451,-89
37,cf3164a0-1c1d-a7fe-f8eb-767156e9154f,1632371488.1599782,-76
38,cf3164a0-1c1d-a7fe-f8eb-767156e9154f,1632371488.288955,-77
39,cf3164a0-1c1d-a7fe-f8eb-767156e9154f,1632371488.4119856,-79
40,cf3164a0-1c1d-a7fe-f8eb-767156e9154f,1632371488.542721,-89
41,cf3164a0-1c1d-a7fe-f8eb-767156e9154f,1632371488.6678145,-88
42,cf3164a0-1c1d-a7fe-f8eb-767156e9154f,1632371488.9135985,-76
43,cf3164a0-1c1d-a7fe-f8eb-767156e9154f,1632371489.0456479,-80
44,cf3164a0-1c1d-a7fe-f8eb-767156e9154f,1632371489.1751733,-89
45,cf3164a0-1c1d-a7fe-f8eb-767156e9154f,1632371489.4211059,-76
46,cf3164a0-1c1d-a7fe-f8eb-767156e9154f,1632371489.5519693,-80
47,cf3164a0-1c1d-a7fe-f8eb-767156e9154f,1632371489.6814792,-89
48,cf3164a0-1c1d-a7fe-f8eb-767156e9154f,1632371489.9405901,-80
49,cf3164a0-1c1d-a7fe-f8eb-767156e9154f,1632371490.063091,-80
50,cf3164a0-1c1d-a7fe-f8eb-767156e9154f,1632371490.1881132,-80
51,cf3164a0-1c1d-a7fe-f8eb-767156e9154f,1632371490.446022,-77
52,cf3164a0-1c1d-a7fe-f8eb-767156e9154f,1632371490.5780196,-80
53,cf3164a0-1c1d-a7fe-f8eb-767156e9154f,1632371490.7024179,-89
54,cf3164a0-1c1d-a7fe-f8eb-767156e9154f,1632371490.8275032,-90
55,cf3164a0-1c1d-a7fe-f8eb-767156e9154f,1632371490.9521377,-76
56,cf3164a0-1c1d-a7fe-f8eb-767156e9154f,1632371491.0843885,-80
57,cf3164a0-1c1d-a7fe-f8eb-767156e9154f,1632371491.209948,-89
58,cf3164a0-1c1d-a7fe-f8eb-767156e9154f,1632371491.3373542,-89
59,cf3164a0-1c1d-a7fe-f8eb-767156e9154f,1632371491.4647715,-77
60,cf3164a0-1c1d-a7fe-f8eb-767156e9154f,1632371491.5906081,-80
61,cf3164a0-1c1d-a7fe-f8eb-767156e9154f,1632371491.7142696,-80
62,cf3164a0-1c1d-a7fe-f8eb-767156e9154f,1632371492.0946434,-76
63,cf3164a0-1c1d-a7fe-f8eb-767156e9154f,1632371492.2217617,-79
64,cf3164a0-1c1d-a7fe-f8eb-767156e9154f,1632371492.3535764,-88
65,cf3164a0-1c1d-a7fe-f8eb-767156e9154f,1632371492.4808235,-76
66,cf3164a0-1c1d-a7fe-f8eb-767156e9154f,1632371492.61049,-81
67,cf3164a0-1c1d-a7fe-f8eb-767156e9154f,1632371492.737813,-80
68,cf3164a0-1c1d-a7fe-f8eb-767156e9154f,1632371492.865979,-89
69,cf3164a0-1c1d-a7fe-f8eb-767156e9154f,1632371492.9970984,-88
70,cf3164a0-1c1d-a7fe-f8eb-767156e9154f,1632371493.127793,-81
71,cf3164a0-1c1d-a7fe-f8eb-767156e9154f,1632371493.3832622,-77
72,cf3164a0-1c1d-a7fe-f8eb-767156e9154f,1632371493.5166256,-80
73,cf3164a0-1c1d-a7fe-f8eb-767156e9154f,1632371493.642198,-90
74,cf3164a0-1c1d-a7fe-f8eb-767156e9154f,1632371493.7672722,-88
75,cf3164a0-1c1d-a7fe-f8eb-767156e9154f,1632371493.8970482,-76
76,cf3164a0-1c1d-a7fe-f8eb-767156e9154f,1632371494.0241053,-81
77,cf3164a0-1c1d-a7fe-f8eb-767156e9154f,1632371494.154624,-89
78,cf3164a0-1c1d-a7fe-f8eb-767156e9154f,1632371494.2819483,-77
79,cf3164a0-1c1d-a7fe-f8eb-767156e9154f,1632371494.4140766,-80
80,cf3164a0-1c1d-a7fe-f8eb-767156e9154f,1632371494.5458531,-89
81,cf3164a0-1c1d-a7fe-f8eb-767156e9154f,1632371494.6757321,-76
82,cf3164a0-1c1d-a7fe-f8eb-767156e9154f,1632371494.802782,-80
83,cf3164a0-1c1d-a7fe-f8eb-767156e9154f,1632371495.0583518,-89
84,cf3164a0-1c1d-a7fe-f8eb-767156e9154f,1632371495.1901882,-81
85,cf3164a0-1c1d-a7fe-f8eb-767156e9154f,1632371495.3153014,-80
86,cf3164a0-1c1d-a7fe-f8eb-767156e9154f,1632371495.5633273,-89
87,cf3164a0-1c1d-a7fe-f8eb-767156e9154f,1632371495.6946797,-76
88,cf3164a0-1c1d-a7fe-f8eb-767156e9154f,1632371495.8239498,-80
89,cf3164a0-1c1d-a7fe-f8eb-767156e9154f,1632371495.9520724,-89
90,cf3164a0-1c1d-a7fe-f8eb-767156e9154f,1632371496.0745509,-89
91,cf3164a0-1c1d-a7fe-f8eb-767156e9154f,1632371496.204501,-76
92,cf3164a0-1c1d-a7fe-f8eb-767156e9154f,1632371496.3339515,-80
93,cf3164a0-1c1d-a7fe-f8eb-767156e9154f,1632371496.5883303,-89
94,cf3164a0-1c1d-a7fe-f8eb-767156e9154f,1632371496.7156827,-77
95,cf3164a0-1c1d-a7fe-f8eb-767156e9154f,1632371497.1081672,-76
96,cf3164a0-1c1d-a7fe-f8eb-767156e9154f,1632371497.2314453,-80
97,cf3164a0-1c1d-a7fe-f8eb-767156e9154f,1632371497.3539846,-80
98,cf3164a0-1c1d-a7fe-f8eb-767156e9154f,1632371497.4832284,-89
99,cf3164a0-1c1d-a7fe-f8eb-767156e9154f,1632371497.6106443,-76
100,cf3164a0-1c1d-a7fe-f8eb-767156e9154f,1632371497.7356942,-77
101,cf3164a0-1c1d-a7fe-f8eb-767156e9154f,1632371497.868947,-80
102,cf3164a0-1c1d-a7fe-f8eb-767156e9154f,1632371498.121924,-76
103,cf3164a0-1c1d-a7fe-f8eb-767156e9154f,1632371498.2500606,-79
104,cf3164a0-1c1d-a7fe-f8eb-767156e9154f,1632371498.3820305,-89
105,cf3164a0-1c1d-a7fe-f8eb-767156e9154f,1632371498.640188,-80
106,cf3164a0-1c1d-a7fe-f8eb-767156e9154f,1632371498.7676105,-81
107,cf3164a0-1c1d-a7fe-f8eb-767156e9154f,1632371498.8908262,-88
108,cf3164a0-1c1d-a7fe-f8eb-767156e9154f,1632371499.0133219,-88
109,cf3164a0-1c1d-a7fe-f8eb-767156e9154f,1632371499.1408105,-76
110,cf3164a0-1c1d-a7fe-f8eb-767156e9154f,1632371499.269959,-80
111,cf3164a0-1c1d-a7fe-f8eb-767156e9154f,1632371499.524499,-88
112,cf3164a0-1c1d-a7fe-f8eb-767156e9154f,1632371499.6555715,-77
113,cf3164a0-1c1d-a7fe-f8eb-767156e9154f,1632371499.7779577,-77
114,cf3164a0-1c1d-a7fe-f8eb-767156e9154f,1632371499.9036705,-80
115,cf3164a0-1c1d-a7fe-f8eb-767156e9154f,1632371500.028643,-81
116,cf3164a0-1c1d-a7fe-f8eb-767156e9154f,1632371500.284327,-76
117,cf3164a0-1c1d-a7fe-f8eb-767156e9154f,1632371500.4122539,-80
118,cf3164a0-1c1d-a7fe-f8eb-767156e9154f,1632371500.5386736,-80
119,cf3164a0-1c1d-a7fe-f8eb-767156e9154f,1632371500.6644504,-85
120,cf3164a0-1c1d-a7fe-f8eb-767156e9154f,1632371500.7918212,-76
121,cf3164a0-1c1d-a7fe-f8eb-767156e9154f,1632371500.9178631,-76
122,cf3164a0-1c1d-a7fe-f8eb-767156e9154f,1632371501.0506358,-88
123,cf3164a0-1c1d-a7fe-f8eb-767156e9154f,1632371501.3029904,-77
124,cf3164a0-1c1d-a7fe-f8eb-767156e9154f,1632371501.427799,-77
125,cf3164a0-1c1d-a7fe-f8eb-767156e9154f,1632371501.553426,-80
126,cf3164a0-1c1d-a7fe-f8eb-767156e9154f,1632371501.6771913,-80
127,cf3164a0-1c1d-a7fe-f8eb-767156e9154f,1632371501.9341378,-77
128,cf3164a0-1c1d-a7fe-f8eb-767156e9154f,1632371502.061911,-80
129,cf3164a0-1c1d-a7fe-f8eb-767156e9154f,1632371502.3153183,-89
130,cf3164a0-1c1d-a7fe-f8eb-767156e9154f,1632371502.4376938,-88
131,cf3164a0-1c1d-a7fe-f8eb-767156e9154f,1632371502.5626142,-77
132,cf3164a0-1c1d-a7fe-f8eb-767156e9154f,1632371502.6863475,-77
133,cf3164a0-1c1d-a7fe-f8eb-767156e9154f,1632371502.812075,-80
134,cf3164a0-1c1d-a7fe-f8eb-767156e9154f,1632371502.9405677,-89
135,cf3164a0-1c1d-a7fe-f8eb-767156e9154f,1632371503.0667222,-89
136,cf3164a0-1c1d-a7fe-f8eb-767156e9154f,1632371503.1953058,-77
137,cf3164a0-1c1d-a7fe-f8eb-767156e9154f,1632371503.3257735,-81
138,cf3164a0-1c1d-a7fe-f8eb-767156e9154f,1632371503.4530027,-89
139,cf3164a0-1c1d-a7fe-f8eb-767156e9154f,1632371503.5777647,-89
140,cf3164a0-1c1d-a7fe-f8eb-767156e9154f,1632371503.705277,-76
141,cf3164a0-1c1d-a7fe-f8eb-767156e9154f,1632371503.8333147,-80
142,cf3164a0-1c1d-a7fe-f8eb-767156e9154f,1632371503.9655004,-89
143,cf3164a0-1c1d-a7fe-f8eb-767156e9154f,1632371504.0878973,-88
144,cf3164a0-1c1d-a7fe-f8eb-767156e9154f,1632371504.2140157,-76
145,cf3164a0-1c1d-a7fe-f8eb-767156e9154f,1632371504.3365297,-77
146,cf3164a0-1c1d-a7fe-f8eb-767156e9154f,1632371504.4632208,-79
147,cf3164a0-1c1d-a7fe-f8eb-767156e9154f,1632371504.591584,-89
148,cf3164a0-1c1d-a7fe-f8eb-767156e9154f,1632371504.7177749,-90
149,cf3164a0-1c1d-a7fe-f8eb-767156e9154f,1632371504.840198,-77
150,cf3164a0-1c1d-a7fe-f8eb-767156e9154f,1632371504.9652643,-77
151,cf3164a0-1c1d-a7fe-f8eb-767156e9154f,1632371505.0982187,-80
152,cf3164a0-1c1d-a7fe-f8eb-767156e9154f,1632371505.224037,-88
153,cf3164a0-1c1d-a7fe-f8eb-767156e9154f,1632371505.355246,-76
154,cf3164a0-1c1d-a7fe-f8eb-767156e9154f,1632371505.4819977,-80
155,cf3164a0-1c1d-a7fe-f8eb-767156e9154f,1632371505.610342,-90
156,cf3164a0-1c1d-a7fe-f8eb-767156e9154f,1632371505.7366867,-90
157,cf3164a0-1c1d-a7fe-f8eb-767156e9154f,1632371505.8676438,-77
158,cf3164a0-1c1d-a7fe-f8eb-767156e9154f,1632371505.9970226,-81
159,cf3164a0-1c1d-a7fe-f8eb-767156e9154f,1632371506.1228194,-89
160,cf3164a0-1c1d-a7fe-f8eb-767156e9154f,1632371506.2476933,-88
161,cf3164a0-1c1d-a7fe-f8eb-767156e9154f,1632371506.375146,-78
162,cf3164a0-1c1d-a7fe-f8eb-767156e9154f,1632371506.5058436,-83
163,cf3164a0-1c1d-a7fe-f8eb-767156e9154f,1632371506.6364915,-90
164,cf3164a0-1c1d-a7fe-f8eb-767156e9154f,1632371506.763778,-78
165,cf3164a0-1c1d-a7fe-f8eb-767156e9154f,1632371506.8932698,-82
166,cf3164a0-1c1d-a7fe-f8eb-767156e9154f,1632371507.0183089,-83
167,cf3164a0-1c1d-a7fe-f8eb-767156e9154f,1632371507.2711794,-78
168,cf3164a0-1c1d-a7fe-f8eb-767156e9154f,1632371507.39618,-79
169,cf3164a0-1c1d-a7fe-f8eb-767156e9154f,1632371507.5187225,-79
170,cf3164a0-1c1d-a7fe-f8eb-767156e9154f,1632371507.7671552,-82
171,cf3164a0-1c1d-a7fe-f8eb-767156e9154f,1632371507.8902614,-89
172,cf3164a0-1c1d-a7fe-f8eb-767156e9154f,1632371508.146182,-78
173,cf3164a0-1c1d-a7fe-f8eb-767156e9154f,1632371508.2705889,-82
174,cf3164a0-1c1d-a7fe-f8eb-767156e9154f,1632371508.523939,-91
175,cf3164a0-1c1d-a7fe-f8eb-767156e9154f,1632371508.64899,-91
176,cf3164a0-1c1d-a7fe-f8eb-767156e9154f,1632371508.7734842,-78
177,cf3164a0-1c1d-a7fe-f8eb-767156e9154f,1632371508.896016,-77
178,cf3164a0-1c1d-a7fe-f8eb-767156e9154f,1632371509.018485,-78
179,cf3164a0-1c1d-a7fe-f8eb-767156e9154f,1632371509.141927,-81
180,cf3164a0-1c1d-a7fe-f8eb-767156e9154f,1632371509.2679598,-81
181,cf3164a0-1c1d-a7fe-f8eb-767156e9154f,1632371509.39493,-89
182,cf3164a0-1c1d-a7fe-f8eb-767156e9154f,1632371509.5259151,-78
183,cf3164a0-1c1d-a7fe-f8eb-767156e9154f,1632371509.6543388,-81
184,cf3164a0-1c1d-a7fe-f8eb-767156e9154f,1632371509.786122,-89
185,cf3164a0-1c1d-a7fe-f8eb-767156e9154f,1632371509.914626,-76
186,cf3164a0-1c1d-a7fe-f8eb-767156e9154f,1632371510.044372,-81
187,cf3164a0-1c1d-a7fe-f8eb-767156e9154f,1632371510.1773548,-88
188,cf3164a0-1c1d-a7fe-f8eb-767156e9154f,1632371510.3072035,-77
189,cf3164a0-1c1d-a7fe-f8eb-767156e9154f,1632371510.5635824,-90
190,cf3164a0-1c1d-a7fe-f8eb-767156e9154f,1632371510.6887078,-91
191,cf3164a0-1c1d-a7fe-f8eb-767156e9154f,1632371510.8158822,-76
192,cf3164a0-1c1d-a7fe-f8eb-767156e9154f,1632371510.945482,-83
193,cf3164a0-1c1d-a7fe-f8eb-767156e9154f,1632371511.0722632,-90
194,cf3164a0-1c1d-a7fe-f8eb-767156e9154f,1632371511.3329613,-80
195,cf3164a0-1c1d-a7fe-f8eb-767156e9154f,1632371511.4621527,-91
196,cf3164a0-1c1d-a7fe-f8eb-767156e9154f,1632371511.7204409,-79
197,cf3164a0-1c1d-a7fe-f8eb-767156e9154f,1632371511.8429854,-81
198,cf3164a0-1c1d-a7fe-f8eb-767156e9154f,1632371512.0959826,-89
199,cf3164a0-1c1d-a7fe-f8eb-767156e9154f,1632371512.3482792,-76
200,cf3164a0-1c1d-a7fe-f8eb-767156e9154f,1632371512.4754517,-81
201,cf3164a0-1c1d-a7fe-f8eb-767156e9154f,1632371512.6084561,-88
202,cf3164a0-1c1d-a7fe-f8eb-767156e9154f,1632371512.738345,-78
203,cf3164a0-1c1d-a7fe-f8eb-767156e9154f,1632371512.864116,-80
204,cf3164a0-1c1d-a7fe-f8eb-767156e9154f,1632371513.1159163,-89
205,cf3164a0-1c1d-a7fe-f8eb-767156e9154f,1632371513.2444422,-76
206,cf3164a0-1c1d-a7fe-f8eb-767156e9154f,1632371513.3765924,-80
207,cf3164a0-1c1d-a7fe-f8eb-767156e9154f,1632371513.5084338,-90
208,cf3164a0-1c1d-a7fe-f8eb-767156e9154f,1632371513.6370018,-77
209,cf3164a0-1c1d-a7fe-f8eb-767156e9154f,1632371513.770936,-89
210,cf3164a0-1c1d-a7fe-f8eb-767156e9154f,1632371513.894591,-90
211,cf3164a0-1c1d-a7fe-f8eb-767156e9154f,1632371514.0172203,-89
212,cf3164a0-1c1d-a7fe-f8eb-767156e9154f,1632371514.1407313,-76
213,cf3164a0-1c1d-a7fe-f8eb-767156e9154f,1632371514.2633042,-75
214,cf3164a0-1c1d-a7fe-f8eb-767156e9154f,1632371514.3952837,-81
215,cf3164a0-1c1d-a7fe-f8eb-767156e9154f,1632371514.524568,-88
216,cf3164a0-1c1d-a7fe-f8eb-767156e9154f,1632371514.6545892,-76
217,cf3164a0-1c1d-a7fe-f8eb-767156e9154f,1632371514.7771518,-77
218,cf3164a0-1c1d-a7fe-f8eb-767156e9154f,1632371514.9052305,-81
219,cf3164a0-1c1d-a7fe-f8eb-767156e9154f,1632371515.0321054,-89
220,cf3164a0-1c1d-a7fe-f8eb-767156e9154f,1632371515.155762,-88
221,cf3164a0-1c1d-a7fe-f8eb-767156e9154f,1632371515.2808487,-77
222,cf3164a0-1c1d-a7fe-f8eb-767156e9154f,1632371515.4033499,-76
223,cf3164a0-1c1d-a7fe-f8eb-767156e9154f,1632371515.5364728,-80
224,cf3164a0-1c1d-a7fe-f8eb-767156e9154f,1632371515.7833087,-89
225,cf3164a0-1c1d-a7fe-f8eb-767156e9154f,1632371515.9145145,-77
226,cf3164a0-1c1d-a7fe-f8eb-767156e9154f,1632371516.0476415,-81
227,cf3164a0-1c1d-a7fe-f8eb-767156e9154f,1632371516.1707065,-88
228,cf3164a0-1c1d-a7fe-f8eb-767156e9154f,1632371516.2970362,-91
229,cf3164a0-1c1d-a7fe-f8eb-767156e9154f,1632371516.4281178,-76
230,cf3164a0-1c1d-a7fe-f8eb-767156e9154f,1632371516.5539134,-80
231,cf3164a0-1c1d-a7fe-f8eb-767156e9154f,1632371516.6764667,-81
232,cf3164a0-1c1d-a7fe-f8eb-767156e9154f,1632371516.8083055,-89
233,cf3164a0-1c1d-a7fe-f8eb-767156e9154f,1632371516.9305995,-77
234,cf3164a0-1c1d-a7fe-f8eb-767156e9154f,1632371517.054386,-76
235,cf3164a0-1c1d-a7fe-f8eb-767156e9154f,1632371517.1769066,-76
236,cf3164a0-1c1d-a7fe-f8eb-767156e9154f,1632371517.3089108,-80
237,cf3164a0-1c1d-a7fe-f8eb-767156e9154f,1632371517.5608735,-76
238,cf3164a0-1c1d-a7fe-f8eb-767156e9154f,1632371517.6879869,-76
239,cf3164a0-1c1d-a7fe-f8eb-767156e9154f,1632371517.8124876,-80
240,cf3164a0-1c1d-a7fe-f8eb-767156e9154f,1632371517.9432251,-89
241,cf3164a0-1c1d-a7fe-f8eb-767156e9154f,1632371518.0755723,-76
242,cf3164a0-1c1d-a7fe-f8eb-767156e9154f,1632371518.1980436,-76
243,cf3164a0-1c1d-a7fe-f8eb-767156e9154f,1632371518.3261354,-81
244,cf3164a0-1c1d-a7fe-f8eb-767156e9154f,1632371518.4544382,-89
245,cf3164a0-1c1d-a7fe-f8eb-767156e9154f,1632371518.5782104,-84
246,cf3164a0-1c1d-a7fe-f8eb-767156e9154f,1632371518.7005537,-77
247,cf3164a0-1c1d-a7fe-f8eb-767156e9154f,1632371518.8256044,-76
248,cf3164a0-1c1d-a7fe-f8eb-767156e9154f,1632371518.95359,-80
249,cf3164a0-1c1d-a7fe-f8eb-767156e9154f,1632371519.0807118,-88
250,cf3164a0-1c1d-a7fe-f8eb-767156e9154f,1632371519.208101,-90
251,cf3164a0-1c1d-a7fe-f8eb-767156e9154f,1632371519.4543247,-76
252,cf3164a0-1c1d-a7fe-f8eb-767156e9154f,1632371519.5859597,-80
253,cf3164a0-1c1d-a7fe-f8eb-767156e9154f,1632371519.708651,-80
254,cf3164a0-1c1d-a7fe-f8eb-767156e9154f,1632371519.9655488,-76
255,cf3164a0-1c1d-a7fe-f8eb-767156e9154f,1632371520.087598,-77
256,cf3164a0-1c1d-a7fe-f8eb-767156e9154f,1632371520.2203815,-89
257,cf3164a0-1c1d-a7fe-f8eb-767156e9154f,1632371520.4776256,-77
258,cf3164a0-1c1d-a7fe-f8eb-767156e9154f,1632371520.6045256,-80
259,cf3164a0-1c1d-a7fe-f8eb-767156e9154f,1632371520.734389,-89
260,cf3164a0-1c1d-a7fe-f8eb-767156e9154f,1632371520.8605268,-76
261,cf3164a0-1c1d-a7fe-f8eb-767156e9154f,1632371520.9910374,-80
262,cf3164a0-1c1d-a7fe-f8eb-767156e9154f,1632371521.1230636,-88
263,cf3164a0-1c1d-a7fe-f8eb-767156e9154f,1632371521.2456093,-91
264,cf3164a0-1c1d-a7fe-f8eb-767156e9154f,1632371521.4929342,-76
265,cf3164a0-1c1d-a7fe-f8eb-767156e9154f,1632371521.6223679,-81
266,cf3164a0-1c1d-a7fe-f8eb-767156e9154f,1632371521.7543304,-90
267,cf3164a0-1c1d-a7fe-f8eb-767156e9154f,1632371521.8854241,-77
268,cf3164a0-1c1d-a7fe-f8eb-767156e9154f,1632371522.0077975,-77
269,cf3164a0-1c1d-a7fe-f8eb-767156e9154f,1632371522.1373703,-80
270,cf3164a0-1c1d-a7fe-f8eb-767156e9154f,1632371522.2618086,-89
271,cf3164a0-1c1d-a7fe-f8eb-767156e9154f,1632371522.6506238,-91
272,cf3164a0-1c1d-a7fe-f8eb-767156e9154f,1632371522.7767663,-88
273,cf3164a0-1c1d-a7fe-f8eb-767156e9154f,1632371522.9052854,-76
274,cf3164a0-1c1d-a7fe-f8eb-767156e9154f,1632371523.0334213,-80
275,cf3164a0-1c1d-a7fe-f8eb-767156e9154f,1632371523.1643193,-90
276,cf3164a0-1c1d-a7fe-f8eb-767156e9154f,1632371523.2940872,-76
277,cf3164a0-1c1d-a7fe-f8eb-767156e9154f,1632371523.4258647,-80
278,cf3164a0-1c1d-a7fe-f8eb-767156e9154f,1632371523.812144,-82
279,cf3164a0-1c1d-a7fe-f8eb-767156e9154f,1632371523.937027,-81
280,cf3164a0-1c1d-a7fe-f8eb-767156e9154f,1632371524.0629826,-90
281,cf3164a0-1c1d-a7fe-f8eb-767156e9154f,1632371524.1902401,-76
282,cf3164a0-1c1d-a7fe-f8eb-767156e9154f,1632371524.3128233,-75
283,cf3164a0-1c1d-a7fe-f8eb-767156e9154f,1632371524.4364827,-76
284,cf3164a0-1c1d-a7fe-f8eb-767156e9154f,1632371524.559086,-74
285,cf3164a0-1c1d-a7fe-f8eb-767156e9154f,1632371524.6833167,-79
286,cf3164a0-1c1d-a7fe-f8eb-767156e9154f,1632371524.8165565,-85
287,cf3164a0-1c1d-a7fe-f8eb-767156e9154f,1632371524.9427621,-75
288,cf3164a0-1c1d-a7fe-f8eb-767156e9154f,1632371525.072055,-80
289,cf3164a0-1c1d-a7fe-f8eb-767156e9154f,1632371525.202849,-89
290,cf3164a0-1c1d-a7fe-f8eb-767156e9154f,1632371525.333732,-75
291,cf3164a0-1c1d-a7fe-f8eb-767156e9154f,1632371525.4608033,-81
292,cf3164a0-1c1d-a7fe-f8eb-767156e9154f,1632371525.5845466,-81
293,cf3164a0-1c1d-a7fe-f8eb-767156e9154f,1632371525.8462775,-76
294,cf3164a0-1c1d-a7fe-f8eb-767156e9154f,1632371525.9803321,-88
295,cf3164a0-1c1d-a7fe-f8eb-767156e9154f,1632371526.1053247,-89
296,cf3164a0-1c1d-a7fe-f8eb-767156e9154f,1632371526.2324321,-77
297,cf3164a0-1c1d-a7fe-f8eb-767156e9154f,1632371526.3562376,-78
298,cf3164a0-1c1d-a7fe-f8eb-767156e9154f,1632371526.4845517,-81
299,cf3164a0-1c1d-a7fe-f8eb-767156e9154f,1632371526.61279,-88
300,cf3164a0-1c1d-a7fe-f8eb-767156e9154f,1632371526.7423966,-77
301,cf3164a0-1c1d-a7fe-f8eb-767156e9154f,1632371526.8756826,-81
302,cf3164a0-1c1d-a7fe-f8eb-767156e9154f,1632371526.9981515,-81
303,cf3164a0-1c1d-a7fe-f8eb-767156e9154f,1632371527.1264586,-88
304,cf3164a0-1c1d-a7fe-f8eb-767156e9154f,1632371527.253602,-78
305,cf3164a0-1c1d-a7fe-f8eb-767156e9154f,1632371527.3786457,-76
306,cf3164a0-1c1d-a7fe-f8eb-767156e9154f,1632371527.5126548,-87
307,cf3164a0-1c1d-a7fe-f8eb-767156e9154f,1632371527.770681,-81
308,cf3164a0-1c1d-a7fe-f8eb-767156e9154f,1632371527.895639,-81
309,cf3164a0-1c1d-a7fe-f8eb-767156e9154f,1632371528.022478,-87
310,cf3164a0-1c1d-a7fe-f8eb-767156e9154f,1632371528.1522496,-77
311,cf3164a0-1c1d-a7fe-f8eb-767156e9154f,1632371528.282153,-81
312,cf3164a0-1c1d-a7fe-f8eb-767156e9154f,1632371528.4099593,-88
313,cf3164a0-1c1d-a7fe-f8eb-767156e9154f,1632371528.538848,-87
314,cf3164a0-1c1d-a7fe-f8eb-767156e9154f,1632371528.668535,-78
315,cf3164a0-1c1d-a7fe-f8eb-767156e9154f,1632371528.916911,-82
316,cf3164a0-1c1d-a7fe-f8eb-767156e9154f,1632371529.0437167,-88
317,cf3164a0-1c1d-a7fe-f8eb-767156e9154f,1632371529.1734328,-78
318,cf3164a0-1c1d-a7fe-f8eb-767156e9154f,1632371529.2984586,-79
319,cf3164a0-1c1d-a7fe-f8eb-767156e9154f,1632371529.4231849,-81
320,cf3164a0-1c1d-a7fe-f8eb-767156e9154f,1632371529.5480044,-82
321,cf3164a0-1c1d-a7fe-f8eb-767156e9154f,1632371529.671118,-88
322,cf3164a0-1c1d-a7fe-f8eb-767156e9154f,1632371529.7949524,-88
323,cf3164a0-1c1d-a7fe-f8eb-767156e9154f,1632371529.9248083,-78
324,cf3164a0-1c1d-a7fe-f8eb-767156e9154f,1632371530.0532305,-82
325,cf3164a0-1c1d-a7fe-f8eb-767156e9154f,1632371530.1824038,-88
326,cf3164a0-1c1d-a7fe-f8eb-767156e9154f,1632371530.4406297,-82
327,cf3164a0-1c1d-a7fe-f8eb-767156e9154f,1632371530.5642493,-82
328,cf3164a0-1c1d-a7fe-f8eb-767156e9154f,1632371530.6948972,-88
329,cf3164a0-1c1d-a7fe-f8eb-767156e9154f,1632371530.9517102,-80
330,cf3164a0-1c1d-a7fe-f8eb-767156e9154f,1632371531.081009,-88
331,cf3164a0-1c1d-a7fe-f8eb-767156e9154f,1632371531.2121341,-77
332,cf3164a0-1c1d-a7fe-f8eb-767156e9154f,1632371531.3416247,-81
333,cf3164a0-1c1d-a7fe-f8eb-767156e9154f,1632371531.4654706,-82
334,cf3164a0-1c1d-a7fe-f8eb-767156e9154f,1632371531.597292,-88
335,cf3164a0-1c1d-a7fe-f8eb-767156e9154f,1632371531.8504648,-81
336,cf3164a0-1c1d-a7fe-f8eb-767156e9154f,1632371532.358338,-77
337,cf3164a0-1c1d-a7fe-f8eb-767156e9154f,1632371532.4865973,-80
338,cf3164a0-1c1d-a7fe-f8eb-767156e9154f,1632371532.6108046,-89
339,cf3164a0-1c1d-a7fe-f8eb-767156e9154f,1632371532.7332904,-87
340,cf3164a0-1c1d-a7fe-f8eb-767156e9154f,1632371532.9882812,-77
341,cf3164a0-1c1d-a7fe-f8eb-767156e9154f,1632371533.1115942,-81
342,cf3164a0-1c1d-a7fe-f8eb-767156e9154f,1632371533.23528,-81
343,cf3164a0-1c1d-a7fe-f8eb-767156e9154f,1632371533.3673062,-88
344,cf3164a0-1c1d-a7fe-f8eb-767156e9154f,1632371533.4945848,-75
345,cf3164a0-1c1d-a7fe-f8eb-767156e9154f,1632371533.6171682,-77
346,cf3164a0-1c1d-a7fe-f8eb-767156e9154f,1632371533.744,-80
347,cf3164a0-1c1d-a7fe-f8eb-767156e9154f,1632371533.8720381,-87
348,cf3164a0-1c1d-a7fe-f8eb-767156e9154f,1632371534.1232572,-77
349,cf3164a0-1c1d-a7fe-f8eb-767156e9154f,1632371534.255228,-81
350,cf3164a0-1c1d-a7fe-f8eb-767156e9154f,1632371534.385726,-88
351,cf3164a0-1c1d-a7fe-f8eb-767156e9154f,1632371534.514612,-77
352,cf3164a0-1c1d-a7fe-f8eb-767156e9154f,1632371534.6402192,-81
353,cf3164a0-1c1d-a7fe-f8eb-767156e9154f,1632371534.7720823,-87
354,cf3164a0-1c1d-a7fe-f8eb-767156e9154f,1632371534.8970604,-87
355,cf3164a0-1c1d-a7fe-f8eb-767156e9154f,1632371535.1470551,-77
356,cf3164a0-1c1d-a7fe-f8eb-767156e9154f,1632371535.280852,-88
357,cf3164a0-1c1d-a7fe-f8eb-767156e9154f,1632371535.5382004,-77
358,cf3164a0-1c1d-a7fe-f8eb-767156e9154f,1632371535.6626987,-82
359,cf3164a0-1c1d-a7fe-f8eb-767156e9154f,1632371535.790875,-88
360,cf3164a0-1c1d-a7fe-f8eb-767156e9154f,1632371535.920868,-76
361,cf3164a0-1c1d-a7fe-f8eb-767156e9154f,1632371536.046898,-75
362,cf3164a0-1c1d-a7fe-f8eb-767156e9154f,1632371536.1762626,-80
363,cf3164a0-1c1d-a7fe-f8eb-767156e9154f,1632371536.304584,-88
364,cf3164a0-1c1d-a7fe-f8eb-767156e9154f,1632371536.4344375,-77
365,cf3164a0-1c1d-a7fe-f8eb-767156e9154f,1632371536.5662262,-81
366,cf3164a0-1c1d-a7fe-f8eb-767156e9154f,1632371536.8232281,-76
367,cf3164a0-1c1d-a7fe-f8eb-767156e9154f,1632371536.9536896,-81
368,cf3164a0-1c1d-a7fe-f8eb-767156e9154f,1632371537.0845823,-88
369,cf3164a0-1c1d-a7fe-f8eb-767156e9154f,1632371537.2145407,-77
370,cf3164a0-1c1d-a7fe-f8eb-767156e9154f,1632371537.3412545,-79
371,cf3164a0-1c1d-a7fe-f8eb-767156e9154f,1632371537.4745479,-90
372,cf3164a0-1c1d-a7fe-f8eb-767156e9154f,1632371537.6057415,-77
373,cf3164a0-1c1d-a7fe-f8eb-767156e9154f,1632371537.736245,-80
374,cf3164a0-1c1d-a7fe-f8eb-767156e9154f,1632371537.858808,-81
375,cf3164a0-1c1d-a7fe-f8eb-767156e9154f,1632371537.9844115,-89
376,cf3164a0-1c1d-a7fe-f8eb-767156e9154f,1632371538.233084,-77
377,cf3164a0-1c1d-a7fe-f8eb-767156e9154f,1632371538.3555677,-77
378,cf3164a0-1c1d-a7fe-f8eb-767156e9154f,1632371538.482241,-81
379,cf3164a0-1c1d-a7fe-f8eb-767156e9154f,1632371538.6131494,-87
380,cf3164a0-1c1d-a7fe-f8eb-767156e9154f,1632371538.8678558,-77
381,cf3164a0-1c1d-a7fe-f8eb-767156e9154f,1632371538.9935825,-81
382,cf3164a0-1c1d-a7fe-f8eb-767156e9154f,1632371539.11582,-81
383,cf3164a0-1c1d-a7fe-f8eb-767156e9154f,1632371539.2383392,-81
384,cf3164a0-1c1d-a7fe-f8eb-767156e9154f,1632371539.3677065,-90
385,cf3164a0-1c1d-a7fe-f8eb-767156e9154f,1632371539.493968,-78
386,cf3164a0-1c1d-a7fe-f8eb-767156e9154f,1632371539.6219766,-81
387,cf3164a0-1c1d-a7fe-f8eb-767156e9154f,1632371539.7541344,-89
388,cf3164a0-1c1d-a7fe-f8eb-767156e9154f,1632371539.8854945,-77
389,cf3164a0-1c1d-a7fe-f8eb-767156e9154f,1632371540.0159664,-80
390,cf3164a0-1c1d-a7fe-f8eb-767156e9154f,1632371540.1418185,-88
391,cf3164a0-1c1d-a7fe-f8eb-767156e9154f,1632371540.266821,-87
392,cf3164a0-1c1d-a7fe-f8eb-767156e9154f,1632371540.5221674,-81
393,cf3164a0-1c1d-a7fe-f8eb-767156e9154f,1632371540.65562,-87
394,cf3164a0-1c1d-a7fe-f8eb-767156e9154f,1632371540.9078763,-77
395,cf3164a0-1c1d-a7fe-f8eb-767156e9154f,1632371541.034588,-82
396,cf3164a0-1c1d-a7fe-f8eb-767156e9154f,1632371541.1668668,-88
397,cf3164a0-1c1d-a7fe-f8eb-767156e9154f,1632371541.5518255,-88
398,cf3164a0-1c1d-a7fe-f8eb-767156e9154f,1632371541.9228394,-76
399,cf3164a0-1c1d-a7fe-f8eb-767156e9154f,1632371542.1759043,-81
400,cf3164a0-1c1d-a7fe-f8eb-767156e9154f,1632371542.298355,-81
401,cf3164a0-1c1d-a7fe-f8eb-767156e9154f,1632371542.4267373,-86
402,cf3164a0-1c1d-a7fe-f8eb-767156e9154f,1632371542.67779,-77
403,cf3164a0-1c1d-a7fe-f8eb-767156e9154f,1632371542.8047657,-81
404,cf3164a0-1c1d-a7fe-f8eb-767156e9154f,1632371542.9304795,-88
405,cf3164a0-1c1d-a7fe-f8eb-767156e9154f,1632371543.056688,-91
406,cf3164a0-1c1d-a7fe-f8eb-767156e9154f,1632371543.305425,-77
407,cf3164a0-1c1d-a7fe-f8eb-767156e9154f,1632371543.4290004,-77
408,cf3164a0-1c1d-a7fe-f8eb-767156e9154f,1632371543.6771007,-82
409,cf3164a0-1c1d-a7fe-f8eb-767156e9154f,1632371543.802862,-89
410,cf3164a0-1c1d-a7fe-f8eb-767156e9154f,1632371543.9254131,-87
411,cf3164a0-1c1d-a7fe-f8eb-767156e9154f,1632371544.1776826,-87
412,cf3164a0-1c1d-a7fe-f8eb-767156e9154f,1632371544.3021054,-82
413,cf3164a0-1c1d-a7fe-f8eb-767156e9154f,1632371544.430348,-87
414,cf3164a0-1c1d-a7fe-f8eb-767156e9154f,1632371544.5614254,-77
415,cf3164a0-1c1d-a7fe-f8eb-767156e9154f,1632371544.686441,-78
416,cf3164a0-1c1d-a7fe-f8eb-767156e9154f,1632371544.8108382,-81
417,cf3164a0-1c1d-a7fe-f8eb-767156e9154f,1632371544.9415212,-88
418,cf3164a0-1c1d-a7fe-f8eb-767156e9154f,1632371545.0676947,-87
419,cf3164a0-1c1d-a7fe-f8eb-767156e9154f,1632371545.1937315,-77
420,cf3164a0-1c1d-a7fe-f8eb-767156e9154f,1632371545.3246243,-81
421,cf3164a0-1c1d-a7fe-f8eb-767156e9154f,1632371545.577857,-89
422,cf3164a0-1c1d-a7fe-f8eb-767156e9154f,1632371545.703794,-77
423,cf3164a0-1c1d-a7fe-f8eb-767156e9154f,1632371545.8321102,-83
424,cf3164a0-1c1d-a7fe-f8eb-767156e9154f,1632371545.9627705,-88
425,cf3164a0-1c1d-a7fe-f8eb-767156e9154f,1632371546.0877712,-87
426,cf3164a0-1c1d-a7fe-f8eb-767156e9154f,1632371546.218715,-78
427,cf3164a0-1c1d-a7fe-f8eb-767156e9154f,1632371546.344541,-82
428,cf3164a0-1c1d-a7fe-f8eb-767156e9154f,1632371546.470451,-88
429,cf3164a0-1c1d-a7fe-f8eb-767156e9154f,1632371546.7307205,-92
430,cf3164a0-1c1d-a7fe-f8eb-767156e9154f,1632371546.862751,-89
431,cf3164a0-1c1d-a7fe-f8eb-767156e9154f,1632371546.9910495,-78
432,cf3164a0-1c1d-a7fe-f8eb-767156e9154f,1632371547.1148236,-77
433,cf3164a0-1c1d-a7fe-f8eb-767156e9154f,1632371547.2445579,-81
434,cf3164a0-1c1d-a7fe-f8eb-767156e9154f,1632371547.373788,-88
435,cf3164a0-1c1d-a7fe-f8eb-767156e9154f,1632371547.4987707,-87
436,cf3164a0-1c1d-a7fe-f8eb-767156e9154f,1632371547.6209795,-77
437,cf3164a0-1c1d-a7fe-f8eb-767156e9154f,1632371547.7472768,-77
438,cf3164a0-1c1d-a7fe-f8eb-767156e9154f,1632371547.8799644,-87
439,cf3164a0-1c1d-a7fe-f8eb-767156e9154f,1632371548.0062447,-86
440,cf3164a0-1c1d-a7fe-f8eb-767156e9154f,1632371548.2510126,-77
441,cf3164a0-1c1d-a7fe-f8eb-767156e9154f,1632371548.377384,-77
442,cf3164a0-1c1d-a7fe-f8eb-767156e9154f,1632371548.5079277,-81
443,cf3164a0-1c1d-a7fe-f8eb-767156e9154f,1632371548.7731428,-81
444,cf3164a0-1c1d-a7fe-f8eb-767156e9154f,1632371549.022378,-88
445,cf3164a0-1c1d-a7fe-f8eb-767156e9154f,1632371549.1461082,-87
446,cf3164a0-1c1d-a7fe-f8eb-767156e9154f,1632371549.2772005,-77
447,cf3164a0-1c1d-a7fe-f8eb-767156e9154f,1632371549.5349221,-88
448,cf3164a0-1c1d-a7fe-f8eb-767156e9154f,1632371549.6610518,-77
449,cf3164a0-1c1d-a7fe-f8eb-767156e9154f,1632371549.790558,-80
450,cf3164a0-1c1d-a7fe-f8eb-767156e9154f,1632371549.913044,-81
451,cf3164a0-1c1d-a7fe-f8eb-767156e9154f,1632371550.0355399,-81
452,cf3164a0-1c1d-a7fe-f8eb-767156e9154f,1632371550.1660984,-87
453,cf3164a0-1c1d-a7fe-f8eb-767156e9154f,1632371550.2946608,-77
454,cf3164a0-1c1d-a7fe-f8eb-767156e9154f,1632371550.4243948,-81
455,cf3164a0-1c1d-a7fe-f8eb-767156e9154f,1632371550.5468972,-81
456,cf3164a0-1c1d-a7fe-f8eb-767156e9154f,1632371550.674761,-87
457,cf3164a0-1c1d-a7fe-f8eb-767156e9154f,1632371550.8058667,-79
458,cf3164a0-1c1d-a7fe-f8eb-767156e9154f,1632371550.9317796,-81
459,cf3164a0-1c1d-a7fe-f8eb-767156e9154f,1632371551.0541916,-80
460,cf3164a0-1c1d-a7fe-f8eb-767156e9154f,1632371551.1872623,-88
461,cf3164a0-1c1d-a7fe-f8eb-767156e9154f,1632371551.3183284,-77
462,cf3164a0-1c1d-a7fe-f8eb-767156e9154f,1632371551.4454076,-81
463,cf3164a0-1c1d-a7fe-f8eb-767156e9154f,1632371551.7045534,-76
464,cf3164a0-1c1d-a7fe-f8eb-767156e9154f,1632371551.8341146,-80
465,cf3164a0-1c1d-a7fe-f8eb-767156e9154f,1632371551.9566116,-81
466,cf3164a0-1c1d-a7fe-f8eb-767156e9154f,1632371552.2072644,-88
467,cf3164a0-1c1d-a7fe-f8eb-767156e9154f,1632371552.3356981,-76
468,cf3164a0-1c1d-a7fe-f8eb-767156e9154f,1632371552.4666622,-81
469,cf3164a0-1c1d-a7fe-f8eb-767156e9154f,1632371552.5921283,-88
470,cf3164a0-1c1d-a7fe-f8eb-767156e9154f,1632371552.8483632,-77
471,cf3164a0-1c1d-a7fe-f8eb-767156e9154f,1632371553.233405,-77
472,cf3164a0-1c1d-a7fe-f8eb-767156e9154f,1632371553.355795,-77
473,cf3164a0-1c1d-a7fe-f8eb-767156e9154f,1632371553.4815304,-81
474,cf3164a0-1c1d-a7fe-f8eb-767156e9154f,1632371553.604015,-80
475,cf3164a0-1c1d-a7fe-f8eb-767156e9154f,1632371553.7265172,-80
476,cf3164a0-1c1d-a7fe-f8eb-767156e9154f,1632371553.8521104,-87
477,cf3164a0-1c1d-a7fe-f8eb-767156e9154f,1632371553.97831,-88
478,cf3164a0-1c1d-a7fe-f8eb-767156e9154f,1632371554.1046093,-77
479,cf3164a0-1c1d-a7fe-f8eb-767156e9154f,1632371554.2315645,-80
480,cf3164a0-1c1d-a7fe-f8eb-767156e9154f,1632371554.3540716,-81
481,cf3164a0-1c1d-a7fe-f8eb-767156e9154f,1632371554.4819973,-88
482,cf3164a0-1c1d-a7fe-f8eb-767156e9154f,1632371554.6070957,-88
483,cf3164a0-1c1d-a7fe-f8eb-767156e9154f,1632371554.7381468,-77
484,cf3164a0-1c1d-a7fe-f8eb-767156e9154f,1632371554.994567,-89
485,cf3164a0-1c1d-a7fe-f8eb-767156e9154f,1632371555.1170142,-87
486,cf3164a0-1c1d-a7fe-f8eb-767156e9154f,1632371555.3669915,-77
487,cf3164a0-1c1d-a7fe-f8eb-767156e9154f,1632371555.4939516,-81
488,cf3164a0-1c1d-a7fe-f8eb-767156e9154f,1632371555.6258326,-87
489,cf3164a0-1c1d-a7fe-f8eb-767156e9154f,1632371555.7508929,-77
490,cf3164a0-1c1d-a7fe-f8eb-767156e9154f,1632371555.8744013,-78
491,cf3164a0-1c1d-a7fe-f8eb-767156e9154f,1632371556.0038025,-81
492,cf3164a0-1c1d-a7fe-f8eb-767156e9154f,1632371556.1357808,-88
493,cf3164a0-1c1d-a7fe-f8eb-767156e9154f,1632371556.388085,-77
494,cf3164a0-1c1d-a7fe-f8eb-767156e9154f,1632371556.5188127,-79
495,cf3164a0-1c1d-a7fe-f8eb-767156e9154f,1632371556.6481764,-88
496,cf3164a0-1c1d-a7fe-f8eb-767156e9154f,1632371556.7779503,-76
497,cf3164a0-1c1d-a7fe-f8eb-767156e9154f,1632371556.902471,-80
498,cf3164a0-1c1d-a7fe-f8eb-767156e9154f,1632371557.0287793,-81
499,cf3164a0-1c1d-a7fe-f8eb-767156e9154f,1632371557.1520264,-91
500,cf3164a0-1c1d-a7fe-f8eb-767156e9154f,1632371557.2311187,-121
